example01 108 288 374 2
example01 102 283 216 2
example01 175 173 209 2
example02 171 405 308 2
example02 319 316 307 1
example02 388 301 302 1
example02 300 333 291 1
example02 186 400 285 1
example02 105 359 283 1
example02 305 230 268 2
example02 393 381 265 1
example02 413 272 262 1
example02 121 256 261 1
example02 378 225 260 2
example02 188 412 259 1
example02 408 349 257 2
example02 402 360 253 1
example02 412 359 240 2
example02 422 290 233 1
example02 408 243 224 1
example02 421 326 215 1
example02 393 405 205 1
example02 94 263 203 1
example02 113 179 201 1
example02 138 181 195 2
example02 75 350 195 1
example02 121 330 169 1
example02 84 401 158 2
example02 72 215 151 1
example02 210 425 146 1
example02 47 219 145 1
example02 435 333 134 2
example02 393 412 132 2
example02 406 389 119 2
example02 421 380 96 2
example02 101 414 81 1
example02 60 374 74 1
example02 318 412 69 1
example02 454 287 64 1
example02 186 440 29 2
example02 329 427 26 1
example03 123 278 376 2
example03 301 236 363 1
example03 135 352 351 2
example03 293 167 299 2
example03 396 221 295 1
example03 330 357 295 2
example03 151 341 240 1
example03 126 161 235 1
example03 193 349 223 2
example03 104 195 221 1
example03 358 266 220 1
example03 129 134 172 2
example03 90 294 145 1
example03 78 348 138 2
example03 150 160 103 2
example03 115 372 54 2
example05 341 307 336 1
example05 372 293 328 1
example05 181 332 253 2
example05 402 185 243 2
example05 84 250 224 1
example05 87 242 223 2
example05 203 140 220 2
example05 432 204 218 2
example05 197 142 195 1
example05 421 285 162 2
example05 152 147 161 2
example05 442 295 142 1
example05 456 288 94 1
